0.207326    0.132641
0.218238    0.126441
0.22915 0.120816
0.240062    0.115689
0.250974    0.110997
0.261886    0.106686
0.272798    0.102711
0.28371 0.0990335
0.294622    0.0956217
0.305534    0.0924472
0.316446    0.089486
0.327358    0.0867171
0.33827 0.0841223
0.349182    0.0816853
0.360094    0.0793923
0.371006    0.0772306
0.381918    0.0751893
0.39283 0.0732584
0.403742    0.0714292
0.414654    0.0696938
0.425566    0.068045
0.436478    0.0664765
0.447389    0.0649825
0.458301    0.0635578
0.469213    0.0621976
0.480125    0.0608977
0.491037    0.059654
0.501949    0.0584629
0.512861    0.0573213
0.523773    0.0562259
0.534685    0.0551741
0.545597    0.0541632
0.556509    0.053191
0.567421    0.0522552
0.578333    0.0513537
0.589245    0.0504848
0.600157    0.0496466
0.611069    0.0488376
0.621981    0.0480562
0.632892    0.047301
0.643804    0.0465708
0.654716    0.0458643
0.665628    0.0451803
0.67654 0.0445178
0.687452    0.0438758
0.698364    0.0432534
0.709276    0.0426495
0.720188    0.0420635
0.7311  0.0414945
0.742012    0.0409419
0.752924    0.0404048
0.763836    0.0398826
0.774748    0.0393748
0.78566 0.0388807
0.796572    0.0383998
0.807484    0.0379315
0.818396    0.0374754
0.829307    0.037031
0.840219    0.0365978
0.851131    0.0361755
0.862043    0.0357635
0.872955    0.0353616
0.883867    0.0349693
0.894779    0.0345864
0.905691    0.0342124
0.916603    0.0338471
0.927515    0.0334902
0.938427    0.0331413
0.949339    0.0328003
0.960251    0.0324668
0.971163    0.0321406
0.982075    0.0318214
0.992987    0.0315091
