zr50 xrd kramer reduced
  3.9999999E-02 -6.2799998E-02
  7.9999998E-02 -0.1160000    
  0.1200000     -0.1530000    
  0.1600000     -0.1710000    
  0.2000000     -0.1740000    
  0.2400000     -0.1680000    
  0.2800000     -0.1590000    
  0.3200000     -0.1510000    
  0.3600000     -0.1470000    
  0.4000000     -0.1420000    
  0.4400000     -0.1320000    
  0.4800000     -0.1120000    
  0.5200000     -8.3999999E-02
  0.5600000     -5.1899999E-02
  0.6000000     -2.6500000E-02
  0.6400000     -2.0199999E-02
  0.6800000     -4.3800000E-02
  0.7200000     -0.1020000    
  0.7600000     -0.1920000    
  0.8000000     -0.3020000    
  0.8400000     -0.4160000    
  0.8800000     -0.5160000    
  0.9200000     -0.5890000    
  0.9600000     -0.6330000    
   1.000000     -0.6520000    
   1.040000     -0.6600000    
   1.080000     -0.6740000    
   1.120000     -0.7040000    
   1.160000     -0.7580000    
   1.200000     -0.8320000    
   1.240000     -0.9140000    
   1.280000     -0.9900000    
   1.320000      -1.050000    
   1.360000      -1.080000    
   1.400000      -1.090000    
   1.440000      -1.090000    
   1.480000      -1.090000    
   1.520000      -1.110000    
   1.560000      -1.150000    
   1.600000      -1.210000    
   1.640000      -1.270000    
   1.680000      -1.330000    
   1.720000      -1.370000    
   1.760000      -1.380000    
   1.800000      -1.380000    
   1.840000      -1.360000    
   1.880000      -1.340000    
   1.920000      -1.340000    
   1.960000      -1.350000    
   2.000000      -1.360000    
   2.040000      -1.370000    
   2.080000      -1.370000    
   2.120000      -1.340000    
   2.160000      -1.280000    
   2.200000      -1.200000    
   2.240000      -1.120000    
   2.280000      -1.040000    
   2.320000     -0.9500000    
   2.360000     -0.8390000    
   2.400000     -0.6770000    
   2.440000     -0.4330000    
   2.480000     -8.4100001E-02
   2.520000      0.3720000    
   2.560000      0.9120000    
   2.600000       1.490000    
   2.640000       2.040000    
   2.680000       2.490000    
   2.720000       2.810000    
   2.760000       2.960000    
   2.800000       2.960000    
   2.840000       2.840000    
   2.880000       2.680000    
   2.920000       2.520000    
   2.960000       2.400000    
   3.000000       2.360000    
   3.040000       2.360000    
   3.080000       2.380000    
   3.120000       2.360000    
   3.160000       2.270000    
   3.200000       2.080000    
   3.240000       1.790000    
   3.280000       1.420000    
   3.320000       1.010000    
   3.360000      0.5850000    
   3.400000      0.1890000    
   3.440000     -0.1610000    
   3.480000     -0.4600000    
   3.520000     -0.7100000    
   3.560000     -0.9230000    
   3.600000      -1.110000    
   3.640000      -1.270000    
   3.680000      -1.410000    
   3.720000      -1.520000    
   3.760000      -1.600000    
   3.800000      -1.660000    
   3.840000      -1.680000    
   3.880000      -1.690000    
   3.920000      -1.690000    
   3.960000      -1.680000    
   4.000000      -1.660000    
   4.040000      -1.630000    
   4.080000      -1.590000    
   4.120000      -1.530000    
   4.160000      -1.440000    
   4.200000      -1.340000    
   4.240000      -1.210000    
   4.280000      -1.080000    
   4.320000     -0.9390000    
   4.360000     -0.7930000    
   4.400000     -0.6390000    
   4.440000     -0.4720000    
   4.480000     -0.2880000    
   4.520000     -8.5500002E-02
   4.560000      0.1310000    
   4.600000      0.3530000    
   4.640000      0.5680000    
   4.680000      0.7630000    
   4.720000      0.9250000    
   4.760000       1.050000    
   4.800000       1.130000    
   4.840000       1.180000    
   4.880000       1.200000    
   4.920000       1.200000    
   4.960000       1.190000    
   5.000000       1.170000    
   5.040000       1.140000    
   5.080000       1.120000    
   5.120000       1.080000    
   5.160000       1.050000    
   5.200000       1.010000    
   5.240000      0.9710000    
   5.280000      0.9270000    
   5.320000      0.8760000    
   5.360000      0.8190000    
   5.400000      0.7550000    
   5.440000      0.6850000    
   5.480000      0.6100000    
   5.520000      0.5370000    
   5.560000      0.4680000    
   5.600000      0.4090000    
   5.640000      0.3590000    
   5.680000      0.3170000    
   5.720000      0.2800000    
   5.760000      0.2420000    
   5.800000      0.1960000    
   5.840000      0.1390000    
   5.880000      6.8899997E-02
   5.920000     -1.3100000E-02
   5.960000     -0.1030000    
   6.000000     -0.1980000    
   6.040000     -0.2930000    
   6.080000     -0.3850000    
   6.120000     -0.4730000    
   6.160000     -0.5570000    
   6.200000     -0.6360000    
   6.240000     -0.7110000    
   6.280000     -0.7800000    
   6.320000     -0.8420000    
   6.360000     -0.8930000    
   6.400000     -0.9320000    
   6.440000     -0.9570000    
   6.480000     -0.9660000    
   6.520000     -0.9620000    
   6.560000     -0.9420000    
   6.600000     -0.9070000    
   6.640000     -0.8580000    
   6.680000     -0.7930000    
   6.720000     -0.7130000    
   6.760000     -0.6190000    
   6.800000     -0.5120000    
   6.840000     -0.3970000    
   6.880000     -0.2750000    
   6.920000     -0.1510000    
   6.960000     -2.8100001E-02
   7.000000      9.1399997E-02
   7.040000      0.2060000    
   7.080000      0.3150000    
   7.120000      0.4170000    
   7.160000      0.5110000    
   7.200000      0.5950000    
   7.240000      0.6660000    
   7.280000      0.7230000    
   7.320000      0.7650000    
   7.360000      0.7910000    
   7.400000      0.8040000    
   7.440000      0.8050000    
   7.480000      0.7960000    
   7.520000      0.7780000    
   7.560000      0.7540000    
   7.600000      0.7230000    
   7.640000      0.6850000    
   7.680000      0.6400000    
   7.720000      0.5880000    
   7.760000      0.5310000    
   7.800000      0.4700000    
   7.840000      0.4060000    
   7.880000      0.3410000    
   7.920000      0.2750000    
   7.960000      0.2090000    
   8.000000      0.1440000    
   8.040000      7.7900000E-02
   8.080000      1.3100000E-02
   8.120000     -4.9800001E-02
   8.160000     -0.1100000    
   8.200000     -0.1660000    
   8.240000     -0.2170000    
   8.280000     -0.2630000    
   8.320000     -0.3050000    
   8.360000     -0.3440000    
   8.400000     -0.3800000    
   8.440000     -0.4140000    
   8.480000     -0.4450000    
   8.520000     -0.4730000    
   8.560000     -0.4960000    
   8.600000     -0.5130000    
   8.640000     -0.5250000    
   8.680000     -0.5300000    
   8.720000     -0.5300000    
   8.760000     -0.5240000    
   8.800000     -0.5140000    
   8.840000     -0.5000000    
   8.880000     -0.4810000    
   8.920000     -0.4570000    
   8.960000     -0.4280000    
   9.000000     -0.3940000    
   9.040000     -0.3560000    
   9.080000     -0.3160000    
   9.120000     -0.2730000    
   9.160000     -0.2300000    
   9.200000     -0.1870000    
   9.240000     -0.1430000    
   9.280000     -9.8200001E-02
   9.320000     -5.2400000E-02
   9.360000     -5.2600000E-03
   9.400000      4.2599998E-02
   9.440000      9.0200000E-02
   9.480000      0.1360000    
   9.520000      0.1800000    
   9.560000      0.2190000    
   9.600000      0.2550000    
   9.640000      0.2870000    
   9.680000      0.3150000    
   9.720000      0.3400000    
   9.760000      0.3600000    
   9.800000      0.3750000    
   9.840000      0.3840000    
   9.880000      0.3870000    
   9.920000      0.3830000    
   9.960000      0.3730000    
   10.00000      0.3580000    
   10.00000      0.3390000    
   10.10000      0.3160000    
   10.10000      0.2910000    
   10.20000      0.2640000    
   10.20000      0.2350000    
   10.20000      0.2040000    
   10.30000      0.1700000    
   10.30000      0.1330000    
   10.40000      9.5500000E-02
   10.40000      5.6899998E-02
   10.40000      1.8300001E-02
   10.50000     -1.9500000E-02
   10.50000     -5.6499999E-02
   10.60000     -9.2399999E-02
   10.60000     -0.1270000    
   10.60000     -0.1610000    
   10.70000     -0.1940000    
   10.70000     -0.2240000    
   10.80000     -0.2520000    
   10.80000     -0.2770000    
   10.80000     -0.2980000    
   10.90000     -0.3150000    
   10.90000     -0.3300000    
   11.00000     -0.3410000    
   11.00000     -0.3500000    
   11.00000     -0.3560000    
   11.10000     -0.3580000    
   11.10000     -0.3560000    
   11.20000     -0.3490000    
   11.20000     -0.3370000    
   11.20000     -0.3200000    
   11.30000     -0.3000000    
   11.30000     -0.2780000    
   11.40000     -0.2540000    
   11.40000     -0.2290000    
   11.40000     -0.2030000    
   11.50000     -0.1740000    
   11.50000     -0.1430000    
   11.60000     -0.1100000    
   11.60000     -7.4500002E-02
   11.60000     -3.8600001E-02
   11.70000     -3.7700001E-03
   11.70000      2.8600000E-02
   11.80000      5.7700001E-02
   11.80000      8.3400004E-02
   11.80000      0.1060000    
   11.90000      0.1280000    
   11.90000      0.1480000    
   12.00000      0.1690000    
   12.00000      0.1880000    
   12.00000      0.2050000    
   12.10000      0.2190000    
   12.10000      0.2300000    
   12.20000      0.2350000    
   12.20000      0.2360000    
   12.20000      0.2340000    
   12.30000      0.2300000    
   12.30000      0.2240000    
   12.40000      0.2170000    
   12.40000      0.2070000    
   12.40000      0.1950000    
   12.50000      0.1800000    
   12.50000      0.1620000    
   12.60000      0.1410000    
   12.60000      0.1190000    
   12.60000      9.5899999E-02
   12.70000      7.3899999E-02
   12.70000      5.2800000E-02
   12.80000      3.2400001E-02
   12.80000      1.1900000E-02
   12.80000     -9.3400003E-03
   12.90000     -3.1500001E-02
   12.90000     -5.4099999E-02
   13.00000     -7.5900003E-02
   13.00000     -9.5399998E-02
   13.00000     -0.1120000    
   13.10000     -0.1240000    
   13.10000     -0.1330000    
   13.20000     -0.1400000    
   13.20000     -0.1460000    
   13.20000     -0.1530000    
   13.30000     -0.1600000    
   13.30000     -0.1670000    
   13.40000     -0.1730000    
   13.40000     -0.1760000    
   13.40000     -0.1740000    
   13.50000     -0.1690000    
   13.50000     -0.1600000    
   13.60000     -0.1490000    
   13.60000     -0.1390000    
   13.60000     -0.1290000    
   13.70000     -0.1210000    
   13.70000     -0.1140000    
   13.80000     -0.1050000    
   13.80000     -9.3699999E-02
   13.80000     -7.8699999E-02
   13.90000     -5.9999999E-02
   13.90000     -3.8899999E-02
   14.00000     -1.6799999E-02
   14.00000      4.4399998E-03
   14.00000      2.3700001E-02
   14.10000      4.0800001E-02
   14.10000      5.6200001E-02
   14.20000      7.0900001E-02
   14.20000      8.5800000E-02
   14.20000      0.1010000    
   14.30000      0.1160000    
   14.30000      0.1300000    
   14.40000      0.1420000    
   14.40000      0.1500000    
   14.40000      0.1550000    
   14.50000      0.1570000    
   14.50000      0.1580000    
   14.60000      0.1580000    
   14.60000      0.1600000    
   14.60000      0.1620000    
   14.70000      0.1630000    
   14.70000      0.1630000    
   14.80000      0.1590000    
   14.80000      0.1510000    
   14.80000      0.1390000    
   14.90000      0.1250000    
   14.90000      0.1110000    
   15.00000      9.6900001E-02
   15.00000      8.5000001E-02
   15.00000      7.4600004E-02
   15.10000      6.4800002E-02
   15.10000      5.4099999E-02
   15.20000      4.1299999E-02
   15.20000      2.5800001E-02
   15.20000      8.2299998E-03
   15.30000     -9.9999998E-03
   15.30000     -2.7200000E-02
   15.40000     -4.1800000E-02
   15.40000     -5.2900001E-02
   15.40000     -6.0600001E-02
   15.50000     -6.5800004E-02
   15.50000     -6.9799997E-02
   15.60000     -7.3700003E-02
   15.60000     -7.8100003E-02
   15.60000     -8.2599998E-02
   15.70000     -8.6499996E-02
   15.70000     -8.8699996E-02
   15.80000     -8.8500001E-02
   15.80000     -8.5500002E-02
   15.80000     -8.0300003E-02
   15.90000     -7.3799998E-02
   15.90000     -6.7000002E-02
   16.00000     -6.0699999E-02
   16.00000     -5.5100001E-02
   16.00000     -4.9899999E-02
   16.10000     -4.4100001E-02
   16.10000     -3.7099998E-02
   16.20000     -2.8300000E-02
   16.20000     -1.7800000E-02
   16.20000     -6.3700001E-03
   16.30000      5.0400002E-03
   16.30000      1.5400000E-02
   16.40000      2.4100000E-02
   16.40000      3.0999999E-02
   16.40000      3.6899999E-02
   16.50000      4.2700000E-02
   16.50000      4.9300000E-02
   16.60000      5.7500001E-02
   16.60000      6.7199998E-02
   16.60000      7.8000002E-02
   16.70000      8.8699996E-02
   16.70000      9.7999997E-02
   16.80000      0.1050000    
   16.80000      0.1080000    
   16.80000      0.1090000    
   16.90000      0.1060000    
   16.90000      0.1020000    
   17.00000      9.6000001E-02
   17.00000      9.0400003E-02
   17.00000      8.5299999E-02
   17.10000      8.1000000E-02
   17.10000      7.7500001E-02
   17.20000      7.4199997E-02
   17.20000      7.0699997E-02
   17.20000      6.6699997E-02
   17.30000      6.1600000E-02
   17.30000      5.5500001E-02
   17.40000      4.8400000E-02
   17.40000      4.0600002E-02
   17.40000      3.2600001E-02
   17.50000      2.4700001E-02
   17.50000      1.7100001E-02
   17.60000      9.9499999E-03
   17.60000      3.0600000E-03
   17.60000     -3.8000001E-03
   17.70000     -1.0900000E-02
   17.70000     -1.8300001E-02
   17.80000     -2.6100000E-02
   17.80000     -3.4100000E-02
   17.80000     -4.1800000E-02
   17.90000     -4.8700001E-02
   17.90000     -5.4499999E-02
   18.00000     -5.8899999E-02
   18.00000     -6.1900001E-02
   18.00000     -6.3900001E-02
   18.10000     -6.4999998E-02
   18.10000     -6.5499999E-02
   18.20000     -6.5700002E-02
   18.20000     -6.5300003E-02
   18.20000     -6.4099997E-02
   18.30000     -6.1700001E-02
   18.30000     -5.7900000E-02
   18.40000     -5.2600000E-02
   18.40000     -4.6100002E-02
   18.40000     -3.8800001E-02
   18.50000     -3.1399999E-02
   18.50000     -2.4599999E-02
   18.60000     -1.8600000E-02
   18.60000     -1.3600000E-02
   18.60000     -9.2700003E-03
   18.70000     -5.0800000E-03
   18.70000     -5.2000000E-04
   18.80000      4.7599999E-03
   18.80000      1.0800000E-02
   18.80000      1.7300000E-02
   18.90000      2.3800001E-02
   18.90000      2.9500000E-02
   19.00000      3.4000002E-02
   19.00000      3.7000000E-02
   19.00000      3.8699999E-02
   19.10000      3.9299998E-02
   19.10000      3.9500002E-02
   19.20000      3.9700001E-02
   19.20000      4.0100001E-02
   19.20000      4.0500000E-02
   19.30000      4.0800001E-02
   19.30000      4.0300000E-02
   19.40000      3.8699999E-02
   19.40000      3.5599999E-02
   19.40000      3.1300001E-02
   19.50000      2.6100000E-02
   19.50000      2.0600000E-02
   19.60000      1.5500000E-02
   19.60000      1.1100000E-02
   19.60000      7.5699999E-03
   19.70000      4.7200001E-03
   19.70000      2.0699999E-03
   19.80000     -8.9800003E-04
   19.80000     -4.6000001E-03
   19.80000     -9.2200004E-03
   19.90000     -1.4600000E-02
   19.90000     -2.0400001E-02
   20.00000     -2.6200000E-02
-1
