Zr50C45Al5_kramer_reduced
  0.0	0.0
  7.9999998E-02 -0.1160000    
  0.1600000     -0.1710000    
  0.2400000     -0.1680000    
  0.3200000     -0.1510000    
  0.4000000     -0.1420000    
  0.4800000     -0.1120000    
  0.5600000     -5.1899999E-02
  0.6400000     -2.0199999E-02
  0.7200000     -0.1020000    
  0.8000000     -0.3020000    
  0.8800000     -0.5160000    
  0.9600000     -0.6330000    
   1.040000     -0.6600000    
   1.120000     -0.7040000    
   1.200000     -0.8320000    
   1.280000     -0.9900000    
   1.360000      -1.080000    
   1.440000      -1.090000    
   1.520000      -1.110000    
   1.600000      -1.210000    
   1.680000      -1.330000    
   1.760000      -1.380000    
   1.840000      -1.360000    
   1.920000      -1.340000    
   2.000000      -1.360000    
   2.080000      -1.370000    
   2.160000      -1.280000    
   2.240000      -1.120000    
   2.320000     -0.9500000    
   2.400000     -0.6770000    
   2.480000     -8.4100001E-02
   2.560000      0.9120000    
   2.640000       2.040000    
   2.720000       2.810000    
   2.800000       2.960000    
   2.880000       2.680000    
   2.960000       2.400000    
   3.040000       2.360000    
   3.120000       2.360000    
   3.200000       2.080000    
   3.280000       1.420000    
   3.360000      0.5850000    
   3.440000     -0.1610000    
   3.520000     -0.7100000    
   3.600000      -1.110000    
   3.680000      -1.410000    
   3.760000      -1.600000    
   3.840000      -1.680000    
   3.920000      -1.690000    
   4.000000      -1.660000    
   4.080000      -1.590000    
   4.160000      -1.440000    
   4.240000      -1.210000    
   4.320000     -0.9390000    
   4.400000     -0.6390000    
   4.480000     -0.2880000    
   4.560000      0.1310000    
   4.640000      0.5680000    
   4.720000      0.9250000    
   4.800000       1.130000    
   4.880000       1.200000    
   4.960000       1.190000    
   5.040000       1.140000    
   5.120000       1.080000    
   5.200000       1.010000    
   5.280000      0.9270000    
   5.360000      0.8190000    
   5.440000      0.6850000    
   5.520000      0.5370000    
   5.600000      0.4090000    
   5.680000      0.3170000    
   5.760000      0.2420000    
   5.840000      0.1390000    
   5.920000     -1.3100000E-02
   6.000000     -0.1980000    
   6.080000     -0.3850000    
   6.160000     -0.5570000    
   6.240000     -0.7110000    
   6.320000     -0.8420000    
   6.400000     -0.9320000    
   6.480000     -0.9660000    
   6.560000     -0.9420000    
   6.640000     -0.8580000    
   6.720000     -0.7130000    
   6.800000     -0.5120000    
   6.880000     -0.2750000    
   6.960000     -2.8100001E-02
   7.040000      0.2060000    
   7.120000      0.4170000    
   7.200000      0.5950000    
   7.280000      0.7230000    
   7.360000      0.7910000    
   7.440000      0.8050000    
   7.520000      0.7780000    
   7.600000      0.7230000    
   7.680000      0.6400000    
   7.760000      0.5310000    
   7.840000      0.4060000    
   7.920000      0.2750000    
   8.000000      0.1440000    
   8.080000      1.3100000E-02
   8.160000     -0.1100000    
   8.240000     -0.2170000    
   8.320000     -0.3050000    
   8.400000     -0.3800000    
   8.480000     -0.4450000    
   8.560000     -0.4960000    
   8.640000     -0.5250000    
   8.720000     -0.5300000    
   8.800000     -0.5140000    
   8.880000     -0.4810000    
   8.960000     -0.4280000    
   9.040000     -0.3560000    
   9.120000     -0.2730000    
   9.200000     -0.1870000    
   9.280000     -9.8200001E-02
   9.360000     -5.2600000E-03
   9.440000      9.0200000E-02
   9.520000      0.1800000    
   9.600000      0.2550000    
   9.680000      0.3150000    
   9.760000      0.3600000    
   9.840000      0.3840000    
   9.920000      0.3830000    
   10.00000      0.3580000    
 -1
