Zr50C45Al5_kramer_reduced
  0.0	0.0
  7.9999998E-02 -0.1160000    
  0.1600000     -0.1710000    
  0.2400000     -0.1680000    
  0.3200000     -0.1510000    
  0.4000000     -0.1420000    
  0.4800000     -0.1120000    
  0.5600000     -5.1899999E-02
  0.6400000     -2.0199999E-02
  0.7200000     -0.1020000    
  0.8000000     -0.3020000    
  0.8800000     -0.5160000    
  0.9600000     -0.6330000    
   1.040000     -0.6600000    
   1.120000     -0.7040000    
   1.200000     -0.8320000    
   1.280000     -0.9900000    
   1.360000      -1.080000    
   1.440000      -1.090000    
   1.520000      -1.110000    
   1.600000      -1.210000    
   1.680000      -1.330000    
   1.760000      -1.380000    
   1.840000      -1.360000    
   1.920000      -1.340000    
   2.000000      -1.360000    
   2.080000      -1.370000    
   2.160000      -1.280000    
   2.240000      -1.120000    
   2.320000     -0.9500000    
   2.400000     -0.6770000    
   2.480000     -8.4100001E-02
   2.560000      0.9120000    
   2.640000       2.040000    
   2.720000       2.810000    
   2.800000       2.960000    
   2.880000       2.680000    
   2.960000       2.400000    
   3.040000       2.360000    
   3.120000       2.360000    
   3.200000       2.080000    
   3.280000       1.420000    
   3.360000      0.5850000    
   3.440000     -0.1610000    
   3.520000     -0.7100000    
   3.600000      -1.110000    
   3.680000      -1.410000    
   3.760000      -1.600000    
   3.840000      -1.680000    
   3.920000      -1.690000    
   4.000000      -1.660000    
   4.080000      -1.590000    
   4.160000      -1.440000    
   4.240000      -1.210000    
   4.320000     -0.9390000    
   4.400000     -0.6390000    
   4.480000     -0.2880000    
   4.560000      0.1310000    
   4.640000      0.5680000    
   4.720000      0.9250000    
   4.800000       1.130000    
   4.880000       1.200000    
   4.960000       1.190000    
   5.040000       1.140000    
   5.120000       1.080000    
   5.200000       1.010000    
   5.280000      0.9270000    
   5.360000      0.8190000    
   5.440000      0.6850000    
   5.520000      0.5370000    
   5.600000      0.4090000    
   5.680000      0.3170000    
   5.760000      0.2420000    
   5.840000      0.1390000    
   5.920000     -1.3100000E-02
   6.000000     -0.1980000    
   6.080000     -0.3850000    
   6.160000     -0.5570000    
   6.240000     -0.7110000    
   6.320000     -0.8420000    
   6.400000     -0.9320000    
   6.480000     -0.9660000    
   6.560000     -0.9420000    
   6.640000     -0.8580000    
   6.720000     -0.7130000    
   6.800000     -0.5120000    
   6.880000     -0.2750000    
   6.960000     -2.8100001E-02
   7.040000      0.2060000    
   7.120000      0.4170000    
   7.200000      0.5950000    
   7.280000      0.7230000    
   7.360000      0.7910000    
   7.440000      0.8050000    
   7.520000      0.7780000    
   7.600000      0.7230000    
   7.680000      0.6400000    
   7.760000      0.5310000    
   7.840000      0.4060000    
   7.920000      0.2750000    
   8.000000      0.1440000    
   8.080000      1.3100000E-02
   8.160000     -0.1100000    
   8.240000     -0.2170000    
   8.320000     -0.3050000    
   8.400000     -0.3800000    
   8.480000     -0.4450000    
   8.560000     -0.4960000    
   8.640000     -0.5250000    
   8.720000     -0.5300000    
   8.800000     -0.5140000    
   8.880000     -0.4810000    
   8.960000     -0.4280000    
   9.040000     -0.3560000    
   9.120000     -0.2730000    
   9.200000     -0.1870000    
   9.280000     -9.8200001E-02
   9.360000     -5.2600000E-03
   9.440000      9.0200000E-02
   9.520000      0.1800000    
   9.600000      0.2550000    
   9.680000      0.3150000    
   9.760000      0.3600000    
   9.840000      0.3840000    
   9.920000      0.3830000    
   10.00000      0.3580000    
   10.10000      0.3160000    
   10.20000      0.2640000    
   10.20000      0.2040000    
   10.30000      0.1330000    
   10.40000      5.6899998E-02
   10.50000     -1.9500000E-02
   10.60000     -9.2399999E-02
   10.60000     -0.1610000    
   10.70000     -0.2240000    
   10.80000     -0.2770000    
   10.90000     -0.3150000    
   11.00000     -0.3410000    
   11.00000     -0.3560000    
   11.10000     -0.3560000    
   11.20000     -0.3370000    
   11.30000     -0.3000000    
   11.40000     -0.2540000    
   11.40000     -0.2030000    
   11.50000     -0.1430000    
   11.60000     -7.4500002E-02
   11.70000     -3.7700001E-03
   11.80000      5.7700001E-02
   11.80000      0.1060000    
   11.90000      0.1480000    
   12.00000      0.1880000    
   12.10000      0.2190000    
   12.20000      0.2350000    
   12.20000      0.2340000    
   12.30000      0.2240000    
   12.40000      0.2070000    
   12.50000      0.1800000    
   12.60000      0.1410000    
   12.60000      9.5899999E-02
   12.70000      5.2800000E-02
   12.80000      1.1900000E-02
   12.90000     -3.1500001E-02
   13.00000     -7.5900003E-02
   13.00000     -0.1120000    
   13.10000     -0.1330000    
   13.20000     -0.1460000    
   13.30000     -0.1600000    
   13.40000     -0.1730000    
   13.40000     -0.1740000    
   13.50000     -0.1600000    
   13.60000     -0.1390000    
   13.70000     -0.1210000    
   13.80000     -0.1050000    
   13.80000     -7.8699999E-02
   13.90000     -3.8899999E-02
   14.00000      4.4399998E-03
   14.10000      4.0800001E-02
   14.20000      7.0900001E-02
   14.20000      0.1010000    
   14.30000      0.1300000    
   14.40000      0.1500000    
   14.50000      0.1570000    
   14.60000      0.1580000    
   14.60000      0.1620000    
   14.70000      0.1630000    
   14.80000      0.1510000    
   14.90000      0.1250000    
   15.00000      9.6900001E-02
   15.00000      7.4600004E-02
   15.10000      5.4099999E-02
   15.20000      2.5800001E-02
   15.30000     -9.9999998E-03
   15.40000     -4.1800000E-02
   15.40000     -6.0600001E-02
   15.50000     -6.9799997E-02
   15.60000     -7.8100003E-02
   15.70000     -8.6499996E-02
   15.80000     -8.8500001E-02
   15.80000     -8.0300003E-02
   15.90000     -6.7000002E-02
   16.00000     -5.5100001E-02
   16.10000     -4.4100001E-02
   16.20000     -2.8300000E-02
   16.20000     -6.3700001E-03
   16.30000      1.5400000E-02
   16.40000      3.0999999E-02
   16.50000      4.2700000E-02
   16.60000      5.7500001E-02
   16.60000      7.8000002E-02
   16.70000      9.7999997E-02
   16.80000      0.1080000    
   16.90000      0.1060000    
   17.00000      9.6000001E-02
   17.00000      8.5299999E-02
   17.10000      7.7500001E-02
   17.20000      7.0699997E-02
   17.30000      6.1600000E-02
   17.40000      4.8400000E-02
   17.40000      3.2600001E-02
   17.50000      1.7100001E-02
   17.60000      3.0600000E-03
   17.70000     -1.0900000E-02
   17.80000     -2.6100000E-02
   17.80000     -4.1800000E-02
   17.90000     -5.4499999E-02
   18.00000     -6.1900001E-02
   18.10000     -6.4999998E-02
   18.20000     -6.5700002E-02
   18.20000     -6.4099997E-02
   18.30000     -5.7900000E-02
   18.40000     -4.6100002E-02
   18.50000     -3.1399999E-02
   18.60000     -1.8600000E-02
   18.60000     -9.2700003E-03
   18.70000     -5.2000000E-04
   18.80000      1.0800000E-02
   18.90000      2.3800001E-02
   19.00000      3.4000002E-02
   19.00000      3.8699999E-02
   19.10000      3.9500002E-02
   19.20000      4.0100001E-02
   19.30000      4.0800001E-02
   19.40000      3.8699999E-02
   19.40000      3.1300001E-02
   19.50000      2.0600000E-02
   19.60000      1.1100000E-02
   19.70000      4.7200001E-03
   19.80000     -8.9800003E-04
   19.80000     -9.2200004E-03
   19.90000     -2.0400001E-02
-1
