k, vk experiment, vk error (sdev), vk background
0.250975    0.00603005  0.000523173 0.0
0.256431    0.00606533  0.000460597 0.0
0.261887    0.00626422  0.000459489 0.0
0.267343    0.00684207  0.000460507 0.0
0.272798    0.00707616  0.000448643 0.0
0.278254    0.00725177  0.000495163 0.0
0.28371 0.00684874  0.000531397 0.0
0.289166    0.00669949  0.000548716 0.0
0.294622    0.0067728   0.000633613 0.0
0.300078    0.00682861  0.000676641 0.0
0.305534    0.00681572  0.000672767 0.0
0.31099 0.00671206  0.000683099 0.0
0.316446    0.00679679  0.00068136  0.0
0.321902    0.00721448  0.000651311 0.0
0.327358    0.0072251   0.000697374 0.0
0.332814    0.00746347  0.000713821 0.0
0.33827 0.00727099  0.000678072 0.0
0.343726    0.00679042  0.000607392 0.0
0.349182    0.00615877  0.000584127 0.0
0.354638    0.00593959  0.00053638  0.0
0.360094    0.00562279  0.000490287 0.0
0.36555 0.00511114  0.000420148 0.0
0.371006    0.00451756  0.000361582 0.0
0.376462    0.00410077  0.00035262  0.0
0.381918    0.00368866  0.000318848 0.0
0.387374    0.00339099  0.000309823 0.0
0.39283 0.00304462  0.000292484 0.0
0.398286    0.00278976  0.000265204 0.0
0.403742    0.00249278  0.000262874 0.0
0.409198    0.00244345  0.000256103 0.0
0.414654    0.00221184  0.000221766 0.0
0.42011 0.00203008  0.000196028 0.0
0.425566    0.00187789  0.000171681 0.0
0.431022    0.00178543  0.000161277 0.0
0.436478    0.00170576  0.00015273  0.0
0.441934    0.00162754  0.000138856 0.0
0.44739 0.00175081  0.000117869 0.0
0.452846    0.00167796  0.00012227  0.0
0.458301    0.00167495  0.000125411 0.0
0.463757    0.00169173  0.000140289 0.0
0.469213    0.0017444   0.000138584 0.0
0.474669    0.00171307  0.000146383 0.0
0.480125    0.00169791  0.00014333  0.0
0.485581    0.00172701  0.000123319 0.0
0.491037    0.00178281  0.000113158 0.0
0.496493    0.00166831  0.000120608 0.0
0.501949    0.00161928  0.000138649 0.0
0.507405    0.001613    0.000135411 0.0
0.512861    0.00166312  0.000145059 0.0
0.518317    0.00160543  0.000138204 0.0
0.523773    0.00162908  0.000136829 0.0
0.529229    0.00174304  0.000143769 0.0
0.534685    0.00186144  0.000156986 0.0
0.540141    0.00170149  0.000140866 0.0
0.545597    0.0015967   0.000145346 0.0
0.551053    0.00158443  0.000141033 0.0
0.556509    0.00153858  0.000136642 0.0
0.561965    0.00145675  0.000101137 0.0
0.567421    0.00145484  0.000115417 0.0
0.572877    0.00133257  0.000102646 0.0
0.578333    0.00125274  0.000108795 0.0
0.583789    0.00118906  9.82597e-05 0.0
0.589245    0.00121522  0.00010546  0.0
0.594701    0.00119714  0.000106872 0.0
0.600157    0.00115998  0.000120232 0.0
0.605613    0.00119008  0.000120779 0.0
0.611069    0.00112094  0.000112771 0.0
0.616525    0.00110208  0.000106855 0.0
0.621981    0.00102678  9.90512e-05 0.0
0.627437    0.0010068   0.000106609 0.0
0.632893    0.00095104  9.61716e-05 0.0
0.638348    0.000858408 8.40163e-05 0.0
0.643804    0.000833775 8.83797e-05 0.0
0.64926 0.000856966 0.000103574 0.0
0.654716    0.000838505 0.000116073 0.0
0.660172    0.000877534 0.000124111 0.0
0.665628    0.000868036 0.000109603 0.0
0.671084    0.000812775 8.63392e-05 0.0
0.67654 0.000777443 9.32987e-05 0.0
0.681996    0.000815299 9.74261e-05 0.0
0.687452    0.000829812 0.00010202  0.0
0.692908    0.00072774  8.77054e-05 0.0
0.698364    0.000701065 8.84462e-05 0.0
0.70382 0.000713204 8.52777e-05 0.0
0.709276    0.000630069 7.37258e-05 0.0
0.714732    0.000557359 6.2654e-05  0.0
0.720188    0.000580127 6.88106e-05 0.0
0.725644    0.000539864 5.527e-05   0.0
0.7311  0.000539088 5.91455e-05 0.0
0.736556    0.000577662 5.69085e-05 0.0
0.742012    0.000595669 5.40055e-05 0.0
0.747468    0.000650214 0.000106818 0.0
0.752924    0.001017    0.000395777 0.0
0.75838 0.00061347  6.19748e-05 0.0
0.763836    0.000674608 6.23095e-05 0.0
0.769292    0.000623956 6.23575e-05 0.0
0.774748    0.000577554 6.02001e-05 0.0
0.780204    0.000577004 5.90963e-05 0.0
0.78566 0.000566555 5.54379e-05 0.0
0.791116    0.000506704 5.26989e-05 0.0
0.796572    0.000500327 5.11259e-05 0.0
0.802028    0.0005013   5.08427e-05 0.0
