k, vk experiment, vk error (sdev), vk background
0.289166    0.00412213  0.00022533  0.0
0.294622    0.00411903  0.00024348  0.0
0.300078    0.00394618  0.000248234 0.0
0.305534    0.00394939  0.000245822 0.0
0.31099 0.0040262   0.000255057 0.0
0.316446    0.00416662  0.000266139 0.0
0.321902    0.00414913  0.000272852 0.0
0.327358    0.00410439  0.000252651 0.0
0.332814    0.00422443  0.00024588  0.0
0.33827 0.00450709  0.000267    0.0
0.343726    0.00458179  0.000281123 0.0
0.349182    0.00471564  0.000280862 0.0
0.354638    0.00485544  0.000276266 0.0
0.360094    0.00503287  0.000265194 0.0
0.36555 0.0054883   0.00029915  0.0
0.371006    0.00591827  0.000379242 0.0
0.376462    0.00637925  0.0004155   0.0
0.381918    0.00655967  0.000401986 0.0
0.387374    0.00667988  0.000325327 0.0
0.39283 0.00691262  0.000336928 0.0
0.398286    0.00699981  0.000417941 0.0
0.403742    0.00697637  0.000413159 0.0
0.409198    0.00653748  0.000404322 0.0
0.414654    0.0060992   0.000382262 0.0
0.42011 0.00540411  0.000303427 0.0
0.425566    0.00509491  0.00032056  0.0
0.431022    0.00479066  0.00030612  0.0
0.436478    0.00463375  0.000325597 0.0
0.441934    0.00422225  0.000272916 0.0
0.44739 0.00372453  0.000227184 0.0
0.452846    0.00324835  0.000160511 0.0
0.458301    0.00276202  0.000151917 0.0
0.463757    0.00235109  0.000137599 0.0
0.469213    0.00205409  0.000115345 0.0
0.474669    0.00203086  0.000104556 0.0
0.480125    0.00206092  0.000114375 0.0
0.485581    0.00207737  0.000110548 0.0
0.491037    0.00188915  0.000105639 0.0
0.496493    0.00173832  0.000101431 0.0
0.501949    0.0016994   0.000107677 0.0
0.507405    0.00160465  0.000105083 0.0
0.512861    0.00148862  0.000101492 0.0
0.518317    0.0014284   8.24307e-05 0.0
0.523773    0.00143291  8.48046e-05 0.0
0.529229    0.00146842  8.96006e-05 0.0
0.534685    0.00143303  9.48694e-05 0.0
0.540141    0.00144588  8.81094e-05 0.0
0.545597    0.00145475  8.49917e-05 0.0
0.551053    0.0014834   8.36149e-05 0.0
0.556509    0.00149415  8.26389e-05 0.0
0.561965    0.00138916  8.14294e-05 0.0
0.567421    0.00137044  9.14864e-05 0.0
0.572877    0.00134703  7.77128e-05 0.0
0.578333    0.00140299  7.64848e-05 0.0
0.583789    0.0013286   7.78222e-05 0.0
0.589245    0.00132545  7.80892e-05 0.0
0.594701    0.00134769  8.30734e-05 0.0
0.600157    0.00138804  7.45253e-05 0.0
0.605613    0.00136764  7.89398e-05 0.0
0.611069    0.00138227  7.60626e-05 0.0
0.616525    0.00133734  6.72742e-05 0.0
0.621981    0.00135414  7.0039e-05  0.0
0.627437    0.00136364  7.75456e-05 0.0
0.632893    0.00141568  8.05798e-05 0.0
0.638348    0.00148661  7.69753e-05 0.0
0.643804    0.00150705  7.64281e-05 0.0
0.64926 0.00153497  8.11494e-05 0.0
0.654716    0.00148161  9.25885e-05 0.0
0.660172    0.00143151  8.98324e-05 0.0
0.665628    0.00141628  9.35554e-05 0.0
0.671084    0.00141629  9.34211e-05 0.0
0.67654 0.0014269   9.65052e-05 0.0
0.681996    0.0013907   9.29153e-05 0.0
0.687452    0.00143037  0.000101558 0.0
0.692908    0.00143639  0.000114472 0.0
0.698364    0.00140926  0.00011099  0.0
0.70382 0.00145588  0.000114372 0.0
0.709276    0.00138568  9.06617e-05 0.0
0.714732    0.0013705   9.14491e-05 0.0
0.720188    0.00136674  8.56808e-05 0.0
0.725644    0.00133144  7.73779e-05 0.0
0.7311  0.001258    6.9595e-05  0.0
0.736556    0.00119568  5.97011e-05 0.0
0.742012    0.00113902  5.66159e-05 0.0
0.747468    0.00111424  5.61747e-05 0.0
0.752924    0.0011487   5.81006e-05 0.0
0.75838 0.00114521  5.72863e-05 0.0
0.763836    0.00109925  6.26697e-05 0.0
0.769292    0.00105983  6.82244e-05 0.0
0.774748    0.0010135   6.72045e-05 0.0
0.780204    0.00105672  7.59918e-05 0.0
0.78566 0.00108836  8.77431e-05 0.0
0.791116    0.00109489  7.7383e-05  0.0
0.796572    0.00107549  8.1676e-05  0.0
0.802028    0.00109416  9.04505e-05 0.0
-1
