k, vk experiment, vk error (sdev), vk background
0.272798    0.00483412  0.000362753    0.0
0.278254    0.00457852  0.000341004    0.0
0.28371     0.00450227  0.000368022    0.0
0.289166    0.00456689  0.000354384    0.0
0.294622    0.00453644  0.000343984    0.0
0.300078    0.0042585   0.000293184    0.0
0.305534    0.00393255  0.000275873    0.0
0.31099     0.00373882  0.000263209    0.0
0.316446    0.00361711  0.000280876    0.0
0.321902    0.00366643  0.000262063    0.0
0.327358    0.00365318  0.000267754    0.0
0.332814    0.00372971  0.000254618    0.0
0.33827     0.00391373  0.00022959     0.0
0.343726    0.00387953  0.000213493    0.0
0.349182    0.00418383  0.000211152    0.0
0.354638    0.00449041  0.000270811    0.0
0.360094    0.00491085  0.000342939    0.0
0.36555     0.00537873  0.0003699      0.0
0.371006    0.00559459  0.000321032    0.0
0.376462    0.00605205  0.00039617     0.0
0.381918    0.00586812  0.000397302    0.0
0.387374    0.0059161   0.000376758    0.0
0.39283     0.00581137  0.000380766    0.0
0.398286    0.00615939  0.000396783    0.0
0.403742    0.00723399  0.000455107    0.0
0.409198    0.0076272   0.000489969    0.0
0.414654    0.00775174  0.000457351    0.0
0.42011     0.0076537   0.000505803    0.0
0.425566    0.00754658  0.00059994     0.0
0.431022    0.00737237  0.000597786    0.0
0.436478    0.0071443   0.000545278    0.0
0.441934    0.00715872  0.000473454    0.0
0.44739     0.00746041  0.000528825    0.0
0.452846    0.00759686  0.000536262    0.0
0.458301    0.00765796  0.000502942    0.0
0.463757    0.00753015  0.000534394    0.0
0.469213    0.00713686  0.00053798     0.0
0.474669    0.00649     0.000452072    0.0
0.480125    0.00591185  0.000438391    0.0
0.485581    0.00584818  0.000470028    0.0
0.491037    0.00610152  0.000536616    0.0
0.496493    0.00604276  0.000558456    0.0
0.501949    0.00607121  0.000523496    0.0
0.507405    0.00560879  0.000433341    0.0
0.512861    0.00533075  0.000363324    0.0
0.518317    0.00493818  0.000326966    0.0
0.523773    0.00462884  0.000328161    0.0
0.529229    0.0043208   0.000292449    0.0
0.534685    0.00393257  0.000237367    0.0
0.540141    0.00361018  0.000207777    0.0
0.545597    0.00323603  0.000196156    0.0
0.551053    0.00297829  0.000199806    0.0
0.556509    0.00288901  0.000165961    0.0
0.561965    0.0029064   0.000169831    0.0
0.567421    0.00286004  0.000173285    0.0
0.572877    0.00277382  0.000189145    0.0
0.578333    0.0025181   0.000187315    0.0
0.583789    0.00249985  0.000205632    0.0
0.589245    0.00235956  0.000191675    0.0
0.594701    0.00239507  0.000169328    0.0
0.600157    0.00233427  0.000164014    0.0
0.605613    0.00220972  0.000142402    0.0
0.611069    0.00215463  0.000130922    0.0
0.616525    0.00220231  0.00014622     0.0
0.621981    0.00229641  0.000163438    0.0
0.627437    0.00220851  0.000154724    0.0
0.632893    0.00216595  0.000129991    0.0
0.638348    0.00220672  0.000129401    0.0
0.643804    0.00224813  0.000140301    0.0
0.64926     0.00239213  0.000170634    0.0
0.654716    0.00242969  0.000161027    0.0
0.660172    0.00238029  0.000137967    0.0
0.665628    0.00240215  0.000119631    0.0
0.671084    0.00249217  0.000125406    0.0
0.67654     0.00252538  0.000154967    0.0
0.681996    0.00258935  0.000170112    0.0
0.687452    0.00263549  0.000194617    0.0
0.692908    0.00280841  0.000208028    0.0
0.698364    0.0030498   0.0002709      0.0
0.70382     0.00294973  0.000232375    0.0
0.709276    0.0029499   0.00024397     0.0
0.714732    0.00303979  0.00025916     0.0
0.720188    0.00309173  0.000268402    0.0
0.725644    0.00321855  0.00031072     0.0
0.7311      0.00309646  0.000318604    0.0
0.736556    0.00300312  0.000299575    0.0
0.742012    0.00296575  0.00027426     0.0
0.747468    0.00284664  0.000259023    0.0
0.752924    0.00277587  0.000270535    0.0
0.75838     0.00281571  0.000289891    0.0
0.763836    0.00272514  0.000297927    0.0
0.769292    0.00274967  0.000309125    0.0
0.774748    0.00277716  0.000281443    0.0
0.780204    0.00298922  0.000306036    0.0
0.78566     0.00294564  0.000257028    0.0
0.791116    0.00286578  0.000273527    0.0
0.796572    0.00286501  0.000265696    0.0
0.802028    0.00269978  0.000253758    0.0
-1
